１：実行ファイル起動
　　
２：対象データ検索

３：対象データを画像にエンコード
　　‐１：プロトコル未定（現時点では３和音の矩形波として音楽にできている）
  　‐２：画像をリアルタイムで出力するには？（現時点では手動でGIFにして再生している）
４：画像の出力（送信）
　　‐１：HDMI出力にする方法は？
  　‐２：外部ディスプレイの存在はどうしたら判定できるか？
　　‐３：デイスプレイのサイズは？（現時点では1920*1080@60Hzのみ対応）
５：SDRで受信（IQファイル）
　　-１：対象SDRはどうするか？（SoapySDRを利用して、対応範囲を広めたい。現時点ではlibhackrfとlibrtlsdrを使うことはできそう）
  　‐２：アンテナの作成（既製品を買うのが良いか？ディスプレイサイズで周波数が決まってしまうので、既製品では対応できない可能性）
６：IQファイルデコード
　　‐１：AM復調後、振幅値を保存
　　‐２：プロトコルに依存するが、リアルタイムでなければ難易度は低い。同期の検出等具体的に策定の要あり


その他の要検討事項
１：開発言語->c
２：目標通信速度->94kByte/sec
３：通信プロトコル->仮決定

通信プロトコル（更新中）

1:変調方式
RGB３線を同一の信号として利用し、ASKとする。

例：
R：11001100 11001100...
   0xCC     0xCC
G：11001100 11001100...
   0xCC     0xCC
B：11001100 11001100...
   0xCC     0xCC

2:全体構造
　・１個パケットを94Byte(未使用込み)とする。
  ・１bitは58pixelの同一RGP値(1:11111110/0:00000001(仮))の連続とする。
  ・先頭からNbit(=N*58~N(N+1)*58pixel)として考えたとき、以下の構成となる。
  
offset   : 0   ~   9
preamble : 101010101
offset   : 10  ~   19  20 ~ 26   27 ~ 33 
header   : **********  *******   *******
          |<--順序-->||<---- 予約  ---->|

・順序は10bitであるため、送信可能データは最大でも94*1024=94kByteとなる。
・予約領域については、将来の拡張のために未使用とする。

3:Blank time
　TMDSの仕組み上、送信不可能区間が存在する。以下の表中のblankが0の場合、使用不可能となる。
 
 offset/blank/horizontal line
 0    1  0 
 1    1  0 
 2    1  0 
 3    1  0 
 4    1  0 
 5    1  0 
 6    1  0 
 7    1  0 
 8    1  0 
 9    1  0 
 10   1  0 
 11   1  0 
 12   1  0 
 13   1  0 
 14   1  0 
 15   1  0 
 16   1  0 
 17   1  0 
 18   1  0 
 19   1  0 
 20   1  0 
 21   1  0 
 22   1  0 
 23   1  0 
 24   1  0 
 25   1  0 
 26   1  0 
 27   1  0 
 28   1  0 
 29   1  0 
 30   1  0 
 31   1  0 
 32   1  0 
 33   1  0 
 34   0  0 
 35   0  0 
 36   0  0 
 37   0  0 
 38   1  1 
 39   1  1 
 40   1  1 
 41   1  1 
 42   1  1 
 43   1  1 
 44   1  1 
 45   1  1 
 46   1  1 
 47   1  1 
 48   1  1 
 49   1  1 
 50   1  1 
 51   1  1 
 52   1  1 
 53   1  1 
 54   1  1 
 55   1  1 
 56   1  1 
 57   1  1 
 58   1  1 
 59   1  1 
 60   1  1 
 61   1  1 
 62   1  1 
 63   1  1 
 64   1  1 
 65   1  1 
 66   1  1 
 67   1  1 
 68   1  1 
 69   1  1 
 70   1  1 
 71   1  1 
 72   0  1 
 73   0  1 
 74   0  1 
 75   0  1 
 76   1  2 
 77   1  2 
 78   1  2 
 79   1  2 
 80   1  2 
 81   1  2 
 82   1  2 
 83   1  2 
 84   1  2 
 85   1  2 
 86   1  2 
 87   1  2 
 88   1  2 
 89   1  2 
 90   1  2 
 91   1  2 
 92   1  2 
 93   1  2 
 94   1  2 
 95   1  2 
 96   1  2 
 97   1  2 
 98   1  2 
 99   1  2 
 100  1  2 
 101  1  2 
 102  1  2 
 103  1  2 
 104  1  2 
 105  1  2 
 106  1  2 
 107  1  2 
 108  1  2 
 109  0  2 
 110  0  2 
 111  0  2 
 112  0  2 
 113  0  2 
 114  1  3 
 115  1  3 
 116  1  3 
 117  1  3 
 118  1  3 
 119  1  3 
 120  1  3 
 121  1  3 
 122  1  3 
 123  1  3 
 124  1  3 
 125  1  3 
 126  1  3 
 127  1  3 
 128  1  3 
 129  1  3 
 130  1  3 
 131  1  3 
 132  1  3 
 133  1  3 
 134  1  3 
 135  1  3 
 136  1  3 
 137  1  3 
 138  1  3 
 139  1  3 
 140  1  3 
 141  1  3 
 142  1  3 
 143  1  3 
 144  1  3 
 145  1  3 
 146  1  3 
 147  0  3 
 148  0  3 
 149  0  3 
 150  0  3 
 151  0  3 
 152  1  4 
 153  1  4 
 154  1  4 
 155  1  4 
 156  1  4 
 157  1  4 
 158  1  4 
 159  1  4 
 160  1  4 
 161  1  4 
 162  1  4 
 163  1  4 
 164  1  4 
 165  1  4 
 166  1  4 
 167  1  4 
 168  1  4 
 169  1  4 
 170  1  4 
 171  1  4 
 172  1  4 
 173  1  4 
 174  1  4 
 175  1  4 
 176  1  4 
 177  1  4 
 178  1  4 
 179  1  4 
 180  1  4 
 181  1  4 
 182  1  4 
 183  1  4 
 184  1  4 
 185  0  4 
 186  0  4 
 187  0  4 
 188  0  4 
 189  0  4 
 190  1  5 
 191  1  5 
 192  1  5 
 193  1  5 
 194  1  5 
 195  1  5 
 196  1  5 
 197  1  5 
 198  1  5 
 199  1  5 
 200  1  5 
 201  1  5 
 202  1  5 
 203  1  5 
 204  1  5 
 205  1  5 
 206  1  5 
 207  1  5 
 208  1  5 
 209  1  5 
 210  1  5 
 211  1  5 
 212  1  5 
 213  1  5 
 214  1  5 
 215  1  5 
 216  1  5 
 217  1  5 
 218  1  5 
 219  1  5 
 220  1  5 
 221  1  5 
 222  1  5 
 223  0  5 
 224  0  5 
 225  0  5 
 226  0  5 
 227  0  5 
 228  1  6 
 229  1  6 
 230  1  6 
 231  1  6 
 232  1  6 
 233  1  6 
 234  1  6 
 235  1  6 
 236  1  6 
 237  1  6 
 238  1  6 
 239  1  6 
 240  1  6 
 241  1  6 
 242  1  6 
 243  1  6 
 244  1  6 
 245  1  6 
 246  1  6 
 247  1  6 
 248  1  6 
 249  1  6 
 250  1  6 
 251  1  6 
 252  1  6 
 253  1  6 
 254  1  6 
 255  1  6 
 256  1  6 
 257  1  6 
 258  1  6 
 259  1  6 
 260  1  6 
 261  0  6 
 262  0  6 
 263  0  6 
 264  0  6 
 265  0  6 
 266  1  7 
 267  1  7 
 268  1  7 
 269  1  7 
 270  1  7 
 271  1  7 
 272  1  7 
 273  1  7 
 274  1  7 
 275  1  7 
 276  1  7 
 277  1  7 
 278  1  7 
 279  1  7 
 280  1  7 
 281  1  7 
 282  1  7 
 283  1  7 
 284  1  7 
 285  1  7 
 286  1  7 
 287  1  7 
 288  1  7 
 289  1  7 
 290  1  7 
 291  1  7 
 292  1  7 
 293  1  7 
 294  1  7 
 295  1  7 
 296  1  7 
 297  1  7 
 298  1  7 
 299  0  7 
 300  0  7 
 301  0  7 
 302  0  7 
 303  0  7 
 304  1  8 
 305  1  8 
 306  1  8 
 307  1  8 
 308  1  8 
 309  1  8 
 310  1  8 
 311  1  8 
 312  1  8 
 313  1  8 
 314  1  8 
 315  1  8 
 316  1  8 
 317  1  8 
 318  1  8 
 319  1  8 
 320  1  8 
 321  1  8 
 322  1  8 
 323  1  8 
 324  1  8 
 325  1  8 
 326  1  8 
 327  1  8 
 328  1  8 
 329  1  8 
 330  1  8 
 331  1  8 
 332  1  8 
 333  1  8 
 334  1  8 
 335  1  8 
 336  1  8 
 337  0  8 
 338  0  8 
 339  0  8 
 340  0  8 
 341  0  8 
 342  1  9 
 343  1  9 
 344  1  9 
 345  1  9 
 346  1  9 
 347  1  9 
 348  1  9 
 349  1  9 
 350  1  9 
 351  1  9 
 352  1  9 
 353  1  9 
 354  1  9 
 355  1  9 
 356  1  9 
 357  1  9 
 358  1  9 
 359  1  9 
 360  1  9 
 361  1  9 
 362  1  9 
 363  1  9 
 364  1  9 
 365  1  9 
 366  1  9 
 367  1  9 
 368  1  9 
 369  1  9 
 370  1  9 
 371  1  9 
 372  1  9 
 373  1  9 
 374  1  9 
 375  0  9 
 376  0  9 
 377  0  9 
 378  0  9 
 379  0  9 
 380  1  10 
 381  1  10 
 382  1  10 
 383  1  10 
 384  1  10 
 385  1  10 
 386  1  10 
 387  1  10 
 388  1  10 
 389  1  10 
 390  1  10 
 391  1  10 
 392  1  10 
 393  1  10 
 394  1  10 
 395  1  10 
 396  1  10 
 397  1  10 
 398  1  10 
 399  1  10 
 400  1  10 
 401  1  10 
 402  1  10 
 403  1  10 
 404  1  10 
 405  1  10 
 406  1  10 
 407  1  10 
 408  1  10 
 409  1  10 
 410  1  10 
 411  1  10 
 412  1  10 
 413  0  10 
 414  0  10 
 415  0  10 
 416  0  10 
 417  0  10 
 418  1  11 
 419  1  11 
 420  1  11 
 421  1  11 
 422  1  11 
 423  1  11 
 424  1  11 
 425  1  11 
 426  1  11 
 427  1  11 
 428  1  11 
 429  1  11 
 430  1  11 
 431  1  11 
 432  1  11 
 433  1  11 
 434  1  11 
 435  1  11 
 436  1  11 
 437  1  11 
 438  1  11 
 439  1  11 
 440  1  11 
 441  1  11 
 442  1  11 
 443  1  11 
 444  1  11 
 445  1  11 
 446  1  11 
 447  1  11 
 448  1  11 
 449  1  11 
 450  1  11 
 451  0  11 
 452  0  11 
 453  0  11 
 454  0  11 
 455  0  11 
 456  1  12 
 457  1  12 
 458  1  12 
 459  1  12 
 460  1  12 
 461  1  12 
 462  1  12 
 463  1  12 
 464  1  12 
 465  1  12 
 466  1  12 
 467  1  12 
 468  1  12 
 469  1  12 
 470  1  12 
 471  1  12 
 472  1  12 
 473  1  12 
 474  1  12 
 475  1  12 
 476  1  12 
 477  1  12 
 478  1  12 
 479  1  12 
 480  1  12 
 481  1  12 
 482  1  12 
 483  1  12 
 484  1  12 
 485  1  12 
 486  1  12 
 487  1  12 
 488  1  12 
 489  0  12 
 490  0  12 
 491  0  12 
 492  0  12 
 493  0  12 
 494  1  13 
 495  1  13 
 496  1  13 
 497  1  13 
 498  1  13 
 499  1  13 
 500  1  13 
 501  1  13 
 502  1  13 
 503  1  13 
 504  1  13 
 505  1  13 
 506  1  13 
 507  1  13 
 508  1  13 
 509  1  13 
 510  1  13 
 511  1  13 
 512  1  13 
 513  1  13 
 514  1  13 
 515  1  13 
 516  1  13 
 517  1  13 
 518  1  13 
 519  1  13 
 520  1  13 
 521  1  13 
 522  1  13 
 523  1  13 
 524  1  13 
 525  1  13 
 526  1  13 
 527  0  13 
 528  0  13 
 529  0  13 
 530  0  13 
 531  1  14 
 532  1  14 
 533  1  14 
 534  1  14 
 535  1  14 
 536  1  14 
 537  1  14 
 538  1  14 
 539  1  14 
 540  1  14 
 541  1  14 
 542  1  14 
 543  1  14 
 544  1  14 
 545  1  14 
 546  1  14 
 547  1  14 
 548  1  14 
 549  1  14 
 550  1  14 
 551  1  14 
 552  1  14 
 553  1  14 
 554  1  14 
 555  1  14 
 556  1  14 
 557  1  14 
 558  1  14 
 559  1  14 
 560  1  14 
 561  1  14 
 562  1  14 
 563  1  14 
 564  1  14 
 565  0  14 
 566  0  14 
 567  0  14 
 568  0  14 
 569  1  15 
 570  1  15 
 571  1  15 
 572  1  15 
 573  1  15 
 574  1  15 
 575  1  15 
 576  1  15 
 577  1  15 
 578  1  15 
 579  1  15 
 580  1  15 
 581  1  15 
 582  1  15 
 583  1  15 
 584  1  15 
 585  1  15 
 586  1  15 
 587  1  15 
 588  1  15 
 589  1  15 
 590  1  15 
 591  1  15 
 592  1  15 
 593  1  15 
 594  1  15 
 595  1  15 
 596  1  15 
 597  1  15 
 598  1  15 
 599  1  15 
 600  1  15 
 601  1  15 
 602  0  15 
 603  0  15 
 604  0  15 
 605  0  15 
 606  0  15 
 607  1  16 
 608  1  16 
 609  1  16 
 610  1  16 
 611  1  16 
 612  1  16 
 613  1  16 
 614  1  16 
 615  1  16 
 616  1  16 
 617  1  16 
 618  1  16 
 619  1  16 
 620  1  16 
 621  1  16 
 622  1  16 
 623  1  16 
 624  1  16 
 625  1  16 
 626  1  16 
 627  1  16 
 628  1  16 
 629  1  16 
 630  1  16 
 631  1  16 
 632  1  16 
 633  1  16 
 634  1  16 
 635  1  16 
 636  1  16 
 637  1  16 
 638  1  16 
 639  1  16 
 640  0  16 
 641  0  16 
 642  0  16 
 643  0  16 
 644  0  16 
 645  1  17 
 646  1  17 
 647  1  17 
 648  1  17 
 649  1  17 
 650  1  17 
 651  1  17 
 652  1  17 
 653  1  17 
 654  1  17 
 655  1  17 
 656  1  17 
 657  1  17 
 658  1  17 
 659  1  17 
 660  1  17 
 661  1  17 
 662  1  17 
 663  1  17 
 664  1  17 
 665  1  17 
 666  1  17 
 667  1  17 
 668  1  17 
 669  1  17 
 670  1  17 
 671  1  17 
 672  1  17 
 673  1  17 
 674  1  17 
 675  1  17 
 676  1  17 
 677  1  17 
 678  0  17 
 679  0  17 
 680  0  17 
 681  0  17 
 682  0  17 
 683  1  18 
 684  1  18 
 685  1  18 
 686  1  18 
 687  1  18 
 688  1  18 
 689  1  18 
 690  1  18 
 691  1  18 
 692  1  18 
 693  1  18 
 694  1  18 
 695  1  18 
 696  1  18 
 697  1  18 
 698  1  18 
 699  1  18 
 700  1  18 
 701  1  18 
 702  1  18 
 703  1  18 
 704  1  18 
 705  1  18 
 706  1  18 
 707  1  18 
 708  1  18 
 709  1  18 
 710  1  18 
 711  1  18 
 712  1  18 
 713  1  18 
 714  1  18 
 715  1  18 
 716  0  18 
 717  0  18 
 718  0  18 
 719  0  18 
 720  0  18 
 721  1  19 
 722  1  19 
 723  1  19 
 724  1  19 
 725  1  19 
 726  1  19 
 727  1  19 
 728  1  19 
 729  1  19 
 730  1  19 
 731  1  19 
 732  1  19 
 733  1  19 
 734  1  19 
 735  1  19 
 736  1  19 
 737  1  19 
 738  1  19 
 739  1  19 
 740  1  19 
 741  1  19 
 742  1  19 
 743  1  19 
 744  1  19 
 745  1  19 
 746  1  19 
 747  1  19 
 748  1  19 
 749  1  19 
 750  1  19 
 751  1  19 
 752  1  19 
 753  1  19 
 754  0  19 
 755  0  19 
 756  0  19 
 757  0  19 
 758  0  19 
 　
