RGB値（8bit）：10進数：変換後（10bit）：水平1920pixel平均値
0 0 0 0 0 0 0 0 :   0 : 0 1 0 0 0 0 0 0 0 0 : 4.166667
0 0 0 0 0 0 0 1 :   1 : 1 1 1 1 1 1 1 1 1 1 : 9.667188
0 0 0 0 0 0 1 0 :   2 : 1 1 1 1 1 1 1 1 1 1 : 9.500000
0 0 0 0 0 0 1 1 :   3 : 0 1 0 0 0 0 0 0 0 1 : 5.000000
0 0 0 0 0 1 0 0 :   4 : 1 1 1 1 1 1 1 1 1 1 : 9.333333
0 0 0 0 0 1 0 1 :   5 : 0 1 0 0 0 0 0 0 1 1 : 3.004167
0 0 0 0 0 1 1 0 :   6 : 0 1 0 0 0 0 0 0 1 0 : 5.000000
0 0 0 0 0 1 1 1 :   7 : 1 1 1 1 1 1 1 1 1 1 : 9.500000
0 0 0 0 1 0 0 0 :   8 : 1 1 1 1 1 1 1 1 1 1 : 9.998437
0 0 0 0 1 0 0 1 :   9 : 0 1 0 0 0 0 0 1 1 1 : 4.003646
0 0 0 0 1 0 1 0 :  10 : 0 1 0 0 0 0 0 1 1 0 : 3.004167
0 0 0 0 1 0 1 1 :  11 : 1 1 1 1 1 1 1 1 1 1 : 9.333333
0 0 0 0 1 1 0 0 :  12 : 0 1 0 0 0 0 0 1 0 0 : 5.000000
0 0 0 0 1 1 0 1 :  13 : 1 1 1 1 1 1 1 1 1 1 : 9.500000
0 0 0 0 1 1 1 0 :  14 : 1 1 1 1 1 1 1 1 1 1 : 9.333333
0 0 0 0 1 1 1 1 :  15 : 0 1 0 0 0 0 0 1 0 1 : 3.004167
0 0 0 1 0 0 0 0 :  16 : 1 1 1 1 1 1 0 0 0 0 : 6.000000
0 0 0 1 0 0 0 1 :  17 : 1 1 0 0 0 0 1 1 1 1 : 6.000000
0 0 0 1 0 0 1 0 :  18 : 0 1 0 0 0 0 1 1 1 0 : 4.003646
0 0 0 1 0 0 1 1 :  19 : 1 1 1 1 1 1 1 1 1 1 : 9.998437
0 0 0 1 0 1 0 0 :  20 : 0 1 0 0 0 0 1 1 0 0 : 3.004167
0 0 0 1 0 1 0 1 :  21 : 1 1 1 1 1 1 1 1 1 1 : 9.333333
0 0 0 1 0 1 1 0 :  22 : 1 1 1 1 1 1 1 1 1 1 : 9.998437
0 0 0 1 0 1 1 1 :  23 : 0 1 0 0 0 0 1 1 0 1 : 4.003646
0 0 0 1 1 0 0 0 :  24 : 0 1 0 0 0 0 1 0 0 0 : 5.000000
0 0 0 1 1 0 0 1 :  25 : 1 1 1 1 1 1 1 1 1 1 : 9.500000
0 0 0 1 1 0 1 0 :  26 : 1 1 1 1 1 1 1 1 1 1 : 9.333333
0 0 0 1 1 0 1 1 :  27 : 0 1 0 0 0 0 1 0 0 1 : 3.004167
0 0 0 1 1 1 0 0 :  28 : 1 1 1 1 1 1 1 1 1 1 : 9.998437
0 0 0 1 1 1 0 1 :  29 : 0 1 0 0 0 0 1 0 1 1 : 4.003646
0 0 0 1 1 1 1 0 :  30 : 0 0 1 0 1 0 0 0 0 0 : 4.333333
0 0 0 1 1 1 1 1 :  31 : 1 0 1 1 1 1 1 1 1 1 : 7.800000
0 0 1 0 0 0 0 0 :  32 : 0 1 1 1 1 0 0 0 0 0 : 4.003646
0 0 1 0 0 0 0 1 :  33 : 1 1 1 1 1 1 1 1 1 1 : 9.998437
0 0 1 0 0 0 1 0 :  34 : 1 1 0 0 0 1 1 1 1 0 : 6.000000
0 0 1 0 0 0 1 1 :  35 : 1 1 1 1 1 0 0 0 0 1 : 6.000000
0 0 1 0 0 1 0 0 :  36 : 0 1 0 0 0 1 1 1 0 0 : 4.003646
0 0 1 0 0 1 0 1 :  37 : 1 1 1 1 1 1 1 1 1 1 : 9.998437
0 0 1 0 0 1 1 0 :  38 : 1 1 1 1 1 0 0 0 1 0 : 6.000000
0 0 1 0 0 1 1 1 :  39 : 1 1 0 0 0 1 1 1 0 1 : 6.000000
0 0 1 0 1 0 0 0 :  40 : 0 1 0 0 0 1 1 0 0 0 : 3.004167
0 0 1 0 1 0 0 1 :  41 : 1 1 1 1 1 1 1 1 1 1 : 9.333333
0 0 1 0 1 0 1 0 :  42 : 1 1 1 1 1 1 1 1 1 1 : 9.998437
0 0 1 0 1 0 1 1 :  43 : 0 1 0 0 0 1 1 0 0 1 : 4.003646
0 0 1 0 1 1 0 0 :  44 : 1 1 1 1 1 0 0 1 0 0 : 6.000000
0 0 1 0 1 1 0 1 :  45 : 1 1 0 0 0 1 1 0 1 1 : 6.000000
0 0 1 0 1 1 1 0 :  46 : 0 0 1 0 1 1 0 0 0 0 : 3.003125
0 0 1 0 1 1 1 1 :  47 : 1 0 1 1 1 1 1 1 1 1 : 7.666667
0 0 1 1 0 0 0 0 :  48 : 0 1 0 0 0 1 0 0 0 0 : 5.000000
0 0 1 1 0 0 0 1 :  49 : 1 1 1 1 1 1 1 1 1 1 : 9.500000
0 0 1 1 0 0 1 0 :  50 : 1 1 1 1 1 1 1 1 1 1 : 9.333333
0 0 1 1 0 0 1 1 :  51 : 0 1 0 0 0 1 0 0 0 1 : 3.004167
0 0 1 1 0 1 0 0 :  52 : 1 1 1 1 1 1 1 1 1 1 : 9.998437
0 0 1 1 0 1 0 1 :  53 : 0 1 0 0 0 1 0 0 1 1 : 4.003646
0 0 1 1 0 1 1 0 :  54 : 1 0 1 1 1 1 1 1 1 1 : 9.000000
0 0 1 1 0 1 1 1 :  55 : 1 0 1 1 1 1 1 1 1 1 : 9.000000
0 0 1 1 1 0 0 0 :  56 : 1 1 1 1 1 0 1 0 0 0 : 6.000000
0 0 1 1 1 0 0 1 :  57 : 1 1 0 0 0 1 0 1 1 1 : 6.000000
0 0 1 1 1 0 1 0 :  58 : 1 0 1 1 1 1 1 1 1 1 : 7.666667
0 0 1 1 1 0 1 1 :  59 : 0 0 0 1 0 0 0 0 1 1 : 3.003125
0 0 1 1 1 1 0 0 :  60 : 1 0 1 1 1 1 1 1 1 1 : 7.800000
0 0 1 1 1 1 0 1 :  61 : 0 0 0 1 0 0 0 0 0 1 : 4.333333
0 0 1 1 1 1 1 0 :  62 : 0 0 0 1 0 0 0 0 0 0 : 4.200000
0 0 1 1 1 1 1 1 :  63 : 0 0 1 0 1 1 1 1 1 1 : 8.142708
0 1 0 0 0 0 0 0 :  64 : 0 1 1 1 0 0 0 0 0 0 : 3.004167
0 1 0 0 0 0 0 1 :  65 : 1 1 1 1 1 1 1 1 1 1 : 9.333333
0 1 0 0 0 0 1 0 :  66 : 1 1 1 1 1 1 1 1 1 1 : 9.998437
0 1 0 0 0 0 1 1 :  67 : 0 1 1 1 0 0 0 0 0 1 : 4.003646
0 1 0 0 0 1 0 0 :  68 : 1 1 0 0 1 1 1 1 0 0 : 6.000000
0 1 0 0 0 1 0 1 :  69 : 1 1 1 1 0 0 0 0 1 1 : 6.000000
0 1 0 0 0 1 1 0 :  70 : 0 1 1 1 0 0 0 0 1 0 : 4.003646
0 1 0 0 0 1 1 1 :  71 : 1 1 1 1 1 1 1 1 1 1 : 9.998437
0 1 0 0 1 0 0 0 :  72 : 0 1 0 0 1 1 1 0 0 0 : 4.003646
0 1 0 0 1 0 0 1 :  73 : 1 1 1 1 1 1 1 1 1 1 : 9.998437
0 1 0 0 1 0 1 0 :  74 : 1 1 1 1 0 0 0 1 1 0 : 6.000000
0 1 0 0 1 0 1 1 :  75 : 1 1 0 0 1 1 1 0 0 1 : 6.000000
0 1 0 0 1 1 0 0 :  76 : 0 1 1 1 0 0 0 1 0 0 : 4.003646
0 1 0 0 1 1 0 1 :  77 : 1 1 1 1 1 1 1 1 1 1 : 9.998437
0 1 0 0 1 1 1 0 :  78 : 0 0 1 0 0 1 0 0 0 0 : 4.333333
0 1 0 0 1 1 1 1 :  79 : 1 0 1 1 1 1 1 1 1 1 : 7.800000
0 1 0 1 0 0 0 0 :  80 : 0 1 0 0 1 1 0 0 0 0 : 3.004167
0 1 0 1 0 0 0 1 :  81 : 1 1 1 1 1 1 1 1 1 1 : 9.333333
0 1 0 1 0 0 1 0 :  82 : 1 1 1 1 1 1 1 1 1 1 : 9.998437
0 1 0 1 0 0 1 1 :  83 : 0 1 0 0 1 1 0 0 0 1 : 4.003646
0 1 0 1 0 1 0 0 :  84 : 1 1 1 1 0 0 1 1 0 0 : 6.000000
0 1 0 1 0 1 0 1 :  85 : 1 1 0 0 1 1 0 0 1 1 : 6.000000
0 1 0 1 0 1 1 0 :  86 : 0 0 1 0 0 1 1 0 0 0 : 3.003125
0 1 0 1 0 1 1 1 :  87 : 1 0 1 1 1 1 1 1 1 1 : 7.666667
0 1 0 1 1 0 0 0 :  88 : 0 1 1 1 0 0 1 0 0 0 : 4.003646
0 1 0 1 1 0 0 1 :  89 : 1 1 1 1 1 1 1 1 1 1 : 9.998437
0 1 0 1 1 0 1 0 :  90 : 1 0 1 1 1 1 1 1 1 1 : 9.000000
0 1 0 1 1 0 1 1 :  91 : 1 0 1 1 1 1 1 1 1 1 : 9.000000
0 1 0 1 1 1 0 0 :  92 : 1 0 1 1 1 1 1 1 1 1 : 7.666667
0 1 0 1 1 1 0 1 :  93 : 0 0 0 1 1 0 0 0 0 1 : 3.003125
0 1 0 1 1 1 1 0 :  94 : 0 0 0 1 1 0 0 0 0 0 : 4.333333
0 1 0 1 1 1 1 1 :  95 : 1 0 1 1 1 1 1 1 1 1 : 7.800000
0 1 1 0 0 0 0 0 :  96 : 0 1 0 0 1 0 0 0 0 0 : 5.000000
0 1 1 0 0 0 0 1 :  97 : 1 1 1 1 1 1 1 1 1 1 : 9.500000
0 1 1 0 0 0 1 0 :  98 : 1 1 1 1 1 1 1 1 1 1 : 9.333333
0 1 1 0 0 0 1 1 :  99 : 0 1 0 0 1 0 0 0 0 1 : 3.004167
0 1 1 0 0 1 0 0 : 100 : 1 1 1 1 1 1 1 1 1 1 : 9.998437
0 1 1 0 0 1 0 1 : 101 : 0 1 0 0 1 0 0 0 1 1 : 4.003646
0 1 1 0 0 1 1 0 : 102 : 0 0 1 0 0 0 1 0 0 0 : 4.333333
0 1 1 0 0 1 1 1 : 103 : 1 0 1 1 1 1 1 1 1 1 : 7.800000
0 1 1 0 1 0 0 0 : 104 : 1 1 1 1 0 1 1 0 0 0 : 6.000000
0 1 1 0 1 0 0 1 : 105 : 1 1 0 0 1 0 0 1 1 1 : 6.000000
0 1 1 0 1 0 1 0 : 106 : 0 0 1 0 0 0 1 1 0 0 : 3.003125
0 1 1 0 1 0 1 1 : 107 : 1 0 1 1 1 1 1 1 1 1 : 7.666667
0 1 1 0 1 1 0 0 : 108 : 1 0 1 1 1 1 1 1 1 1 : 9.000000
0 1 1 0 1 1 0 1 : 109 : 1 0 1 1 1 1 1 1 1 1 : 9.000000
0 1 1 0 1 1 1 0 : 110 : 0 0 0 1 1 1 0 0 0 0 : 3.003125
0 1 1 0 1 1 1 1 : 111 : 1 0 1 1 1 1 1 1 1 1 : 7.666667
0 1 1 1 0 0 0 0 : 112 : 0 1 1 1 0 1 0 0 0 0 : 4.003646
0 1 1 1 0 0 0 1 : 113 : 1 1 1 1 1 1 1 1 1 1 : 9.998437
0 1 1 1 0 0 1 0 : 114 : 0 0 1 0 0 0 0 1 0 0 : 4.333333
0 1 1 1 0 0 1 1 : 115 : 1 0 1 1 1 1 1 1 1 1 : 7.800000
0 1 1 1 0 1 0 0 : 116 : 0 0 1 0 0 0 0 1 1 0 : 3.003125
0 1 1 1 0 1 0 1 : 117 : 1 0 1 1 1 1 1 1 1 1 : 7.666667
0 1 1 1 0 1 1 0 : 118 : 1 0 1 1 1 1 1 1 1 1 : 9.000000
0 1 1 1 0 1 1 1 : 119 : 1 0 1 1 1 1 1 1 1 1 : 9.000000
0 1 1 1 1 0 0 0 : 120 : 0 0 1 0 0 0 0 0 1 0 : 4.333333
0 1 1 1 1 0 0 1 : 121 : 1 0 1 1 1 1 1 1 1 1 : 7.800000
0 1 1 1 1 0 1 0 : 122 : 1 0 1 1 1 1 1 1 1 1 : 7.666667
0 1 1 1 1 0 1 1 : 123 : 0 0 1 0 0 0 0 0 1 1 : 3.003125
0 1 1 1 1 1 0 0 : 124 : 1 0 1 1 1 1 1 1 1 1 : 7.800000
0 1 1 1 1 1 0 1 : 125 : 0 0 1 0 0 0 0 0 0 1 : 4.333333
0 1 1 1 1 1 1 0 : 126 : 0 0 1 0 0 0 0 0 0 0 : 4.200000
0 1 1 1 1 1 1 1 : 127 : 0 0 0 1 1 1 1 1 1 1 : 8.142708
1 0 0 0 0 0 0 0 : 128 : 0 1 1 0 0 0 0 0 0 0 : 5.000000
1 0 0 0 0 0 0 1 : 129 : 1 1 1 1 1 1 1 1 1 1 : 9.500000
1 0 0 0 0 0 1 0 : 130 : 1 1 1 1 1 1 1 1 1 1 : 9.333333
1 0 0 0 0 0 1 1 : 131 : 0 1 1 0 0 0 0 0 0 1 : 3.004167
1 0 0 0 0 1 0 0 : 132 : 1 1 1 1 1 1 1 1 1 1 : 9.998437
1 0 0 0 0 1 0 1 : 133 : 0 1 1 0 0 0 0 0 1 1 : 4.003646
1 0 0 0 0 1 1 0 : 134 : 0 1 1 0 0 0 0 0 1 0 : 3.004167
1 0 0 0 0 1 1 1 : 135 : 1 1 1 1 1 1 1 1 1 1 : 9.333333
1 0 0 0 1 0 0 0 : 136 : 1 1 0 1 1 1 1 0 0 0 : 6.000000
1 0 0 0 1 0 0 1 : 137 : 1 1 1 0 0 0 0 1 1 1 : 6.000000
1 0 0 0 1 0 1 0 : 138 : 0 1 1 0 0 0 0 1 1 0 : 4.003646
1 0 0 0 1 0 1 1 : 139 : 1 1 1 1 1 1 1 1 1 1 : 9.998437
1 0 0 0 1 1 0 0 : 140 : 0 1 1 0 0 0 0 1 0 0 : 3.004167
1 0 0 0 1 1 0 1 : 141 : 1 1 1 1 1 1 1 1 1 1 : 9.333333
1 0 0 0 1 1 1 0 : 142 : 0 0 1 1 0 1 0 0 0 0 : 3.003125
1 0 0 0 1 1 1 1 : 143 : 1 0 1 1 1 1 1 1 1 1 : 7.666667
1 0 0 1 0 0 0 0 : 144 : 0 1 0 1 1 1 0 0 0 0 : 4.003646
1 0 0 1 0 0 0 1 : 145 : 1 1 1 1 1 1 1 1 1 1 : 9.998437
1 0 0 1 0 0 1 0 : 146 : 1 1 1 0 0 0 1 1 1 0 : 6.000000
1 0 0 1 0 0 1 1 : 147 : 1 1 0 1 1 1 0 0 0 1 : 6.000000
1 0 0 1 0 1 0 0 : 148 : 0 1 1 0 0 0 1 1 0 0 : 4.003646
1 0 0 1 0 1 0 1 : 149 : 1 1 1 1 1 1 1 1 1 1 : 9.998437
1 0 0 1 0 1 1 0 : 150 : 1 0 1 1 1 1 1 1 1 1 : 9.000000
1 0 0 1 0 1 1 1 : 151 : 1 0 1 1 1 1 1 1 1 1 : 9.000000
1 0 0 1 1 0 0 0 : 152 : 0 1 1 0 0 0 1 0 0 0 : 3.004167
1 0 0 1 1 0 0 1 : 153 : 1 1 1 1 1 1 1 1 1 1 : 9.333333
1 0 0 1 1 0 1 0 : 154 : 1 0 1 1 1 1 1 1 1 1 : 7.666667
1 0 0 1 1 0 1 1 : 155 : 0 0 0 0 1 0 0 0 1 1 : 3.003125
1 0 0 1 1 1 0 0 : 156 : 1 0 1 1 1 1 1 1 1 1 : 7.800000
1 0 0 1 1 1 0 1 : 157 : 0 0 0 0 1 0 0 0 0 1 : 4.333333
1 0 0 1 1 1 1 0 : 158 : 0 0 0 0 1 0 0 0 0 0 : 4.200000
1 0 0 1 1 1 1 1 : 159 : 0 0 1 1 0 1 1 1 1 1 : 8.142708
1 0 1 0 0 0 0 0 : 160 : 0 1 0 1 1 0 0 0 0 0 : 3.004167
1 0 1 0 0 0 0 1 : 161 : 1 1 1 1 1 1 1 1 1 1 : 9.333333
1 0 1 0 0 0 1 0 : 162 : 1 1 1 1 1 1 1 1 1 1 : 9.998437
1 0 1 0 0 0 1 1 : 163 : 0 1 0 1 1 0 0 0 0 1 : 4.003646
1 0 1 0 0 1 0 0 : 164 : 1 1 1 0 0 1 1 1 0 0 : 6.000000
1 0 1 0 0 1 0 1 : 165 : 1 1 0 1 1 0 0 0 1 1 : 6.000000
1 0 1 0 0 1 1 0 : 166 : 0 0 1 1 0 0 1 0 0 0 : 3.003125
1 0 1 0 0 1 1 1 : 167 : 1 0 1 1 1 1 1 1 1 1 : 7.666667
1 0 1 0 1 0 0 0 : 168 : 0 1 1 0 0 1 1 0 0 0 : 4.003646
1 0 1 0 1 0 0 1 : 169 : 1 1 1 1 1 1 1 1 1 1 : 9.998437
1 0 1 0 1 0 1 0 : 170 : 1 0 1 1 1 1 1 1 1 1 : 9.000000
1 0 1 0 1 0 1 1 : 171 : 1 0 1 1 1 1 1 1 1 1 : 9.000000
1 0 1 0 1 1 0 0 : 172 : 1 0 1 1 1 1 1 1 1 1 : 7.666667
1 0 1 0 1 1 0 1 : 173 : 0 0 0 0 1 1 0 0 0 1 : 3.003125
1 0 1 0 1 1 1 0 : 174 : 0 0 0 0 1 1 0 0 0 0 : 4.333333
1 0 1 0 1 1 1 1 : 175 : 1 0 1 1 1 1 1 1 1 1 : 7.800000
1 0 1 1 0 0 0 0 : 176 : 0 1 1 0 0 1 0 0 0 0 : 3.004167
1 0 1 1 0 0 0 1 : 177 : 1 1 1 1 1 1 1 1 1 1 : 9.333333
1 0 1 1 0 0 1 0 : 178 : 0 0 1 1 0 0 0 1 0 0 : 3.003125
1 0 1 1 0 0 1 1 : 179 : 1 0 1 1 1 1 1 1 1 1 : 7.666667
1 0 1 1 0 1 0 0 : 180 : 1 0 1 1 1 1 1 1 1 1 : 9.000000
1 0 1 1 0 1 0 1 : 181 : 1 0 1 1 1 1 1 1 1 1 : 9.000000
1 0 1 1 0 1 1 0 : 182 : 0 0 0 0 1 1 1 0 0 0 : 3.003125
1 0 1 1 0 1 1 1 : 183 : 1 0 1 1 1 1 1 1 1 1 : 7.666667
1 0 1 1 1 0 0 0 : 184 : 0 0 1 1 0 0 0 0 1 0 : 3.003125
1 0 1 1 1 0 0 1 : 185 : 1 0 1 1 1 1 1 1 1 1 : 7.666667
1 0 1 1 1 0 1 0 : 186 : 1 0 1 1 1 1 1 1 1 1 : 9.000000
1 0 1 1 1 0 1 1 : 187 : 1 0 1 1 1 1 1 1 1 1 : 9.000000
1 0 1 1 1 1 0 0 : 188 : 1 0 1 1 1 1 1 1 1 1 : 7.666667
1 0 1 1 1 1 0 1 : 189 : 0 0 1 1 0 0 0 0 0 1 : 3.003125
1 0 1 1 1 1 1 0 : 190 : 0 0 1 1 0 0 0 0 0 0 : 4.333333
1 0 1 1 1 1 1 1 : 191 : 1 0 1 1 1 1 1 1 1 1 : 7.800000
1 1 0 0 0 0 0 0 : 192 : 0 1 0 1 0 0 0 0 0 0 : 5.000000
1 1 0 0 0 0 0 1 : 193 : 1 1 1 1 1 1 1 1 1 1 : 9.500000
1 1 0 0 0 0 1 0 : 194 : 1 1 1 1 1 1 1 1 1 1 : 9.333333
1 1 0 0 0 0 1 1 : 195 : 0 1 0 1 0 0 0 0 0 1 : 3.004167
1 1 0 0 0 1 0 0 : 196 : 1 1 1 1 1 1 1 1 1 1 : 9.998437
1 1 0 0 0 1 0 1 : 197 : 0 1 0 1 0 0 0 0 1 1 : 4.003646
1 1 0 0 0 1 1 0 : 198 : 1 0 1 1 1 1 1 1 1 1 : 9.000000
1 1 0 0 0 1 1 1 : 199 : 1 0 1 1 1 1 1 1 1 1 : 9.000000
1 1 0 0 1 0 0 0 : 200 : 1 1 1 0 1 1 1 0 0 0 : 6.000000
1 1 0 0 1 0 0 1 : 201 : 1 1 0 1 0 0 0 1 1 1 : 6.000000
1 1 0 0 1 0 1 0 : 202 : 1 0 1 1 1 1 1 1 1 1 : 7.666667
1 1 0 0 1 0 1 1 : 203 : 0 0 0 0 0 1 0 0 1 1 : 3.003125
1 1 0 0 1 1 0 0 : 204 : 1 0 1 1 1 1 1 1 1 1 : 7.800000
1 1 0 0 1 1 0 1 : 205 : 0 0 0 0 0 1 0 0 0 1 : 4.333333
1 1 0 0 1 1 1 0 : 206 : 0 0 0 0 0 1 0 0 0 0 : 4.200000
1 1 0 0 1 1 1 1 : 207 : 0 0 1 1 1 0 1 1 1 1 : 8.142708
1 1 0 1 0 0 0 0 : 208 : 0 1 1 0 1 1 0 0 0 0 : 4.003646
1 1 0 1 0 0 0 1 : 209 : 1 1 1 1 1 1 1 1 1 1 : 9.998437
1 1 0 1 0 0 1 0 : 210 : 1 0 1 1 1 1 1 1 1 1 : 9.000000
1 1 0 1 0 0 1 1 : 211 : 1 0 1 1 1 1 1 1 1 1 : 9.000000
1 1 0 1 0 1 0 0 : 212 : 1 0 1 1 1 1 1 1 1 1 : 7.666667
1 1 0 1 0 1 0 1 : 213 : 0 0 0 0 0 1 1 0 0 1 : 3.003125
1 1 0 1 0 1 1 0 : 214 : 0 0 0 0 0 1 1 0 0 0 : 4.333333
1 1 0 1 0 1 1 1 : 215 : 1 0 1 1 1 1 1 1 1 1 : 7.800000
1 1 0 1 1 0 0 0 : 216 : 1 0 1 1 1 1 1 1 1 1 : 9.000000
1 1 0 1 1 0 0 1 : 217 : 1 0 1 1 1 1 1 1 1 1 : 9.000000
1 1 0 1 1 0 1 0 : 218 : 0 0 0 0 0 1 1 1 0 0 : 3.003125
1 1 0 1 1 0 1 1 : 219 : 1 0 1 1 1 1 1 1 1 1 : 7.666667
1 1 0 1 1 1 0 0 : 220 : 1 0 1 1 1 1 1 1 1 1 : 9.000000
1 1 0 1 1 1 0 1 : 221 : 1 0 1 1 1 1 1 1 1 1 : 9.000000
1 1 0 1 1 1 1 0 : 222 : 0 0 1 1 1 0 0 0 0 0 : 3.003125
1 1 0 1 1 1 1 1 : 223 : 1 0 1 1 1 1 1 1 1 1 : 7.666667
1 1 1 0 0 0 0 0 : 224 : 0 1 1 0 1 0 0 0 0 0 : 3.004167
1 1 1 0 0 0 0 1 : 225 : 1 1 1 1 1 1 1 1 1 1 : 9.333333
1 1 1 0 0 0 1 0 : 226 : 1 0 1 1 1 1 1 1 1 1 : 7.666667
1 1 1 0 0 0 1 1 : 227 : 0 0 0 0 0 0 1 0 1 1 : 3.003125
1 1 1 0 0 1 0 0 : 228 : 1 0 1 1 1 1 1 1 1 1 : 7.800000
1 1 1 0 0 1 0 1 : 229 : 0 0 0 0 0 0 1 0 0 1 : 4.333333
1 1 1 0 0 1 1 0 : 230 : 0 0 0 0 0 0 1 0 0 0 : 4.200000
1 1 1 0 0 1 1 1 : 231 : 0 0 1 1 1 1 0 1 1 1 : 8.142708
1 1 1 0 1 0 0 0 : 232 : 1 0 1 1 1 1 1 1 1 1 : 7.666667
1 1 1 0 1 0 0 1 : 233 : 0 0 0 0 0 0 1 1 0 1 : 3.003125
1 1 1 0 1 0 1 0 : 234 : 0 0 0 0 0 0 1 1 0 0 : 4.333333
1 1 1 0 1 0 1 1 : 235 : 1 0 1 1 1 1 1 1 1 1 : 7.800000
1 1 1 0 1 1 0 0 : 236 : 0 0 0 0 0 0 1 1 1 0 : 3.003125
1 1 1 0 1 1 0 1 : 237 : 1 0 1 1 1 1 1 1 1 1 : 7.666667
1 1 1 0 1 1 1 0 : 238 : 1 0 1 1 1 1 1 1 1 1 : 9.000000
1 1 1 0 1 1 1 1 : 239 : 1 0 1 1 1 1 1 1 1 1 : 9.000000
1 1 1 1 0 0 0 0 : 240 : 1 0 1 1 1 1 1 1 1 1 : 7.800000
1 1 1 1 0 0 0 1 : 241 : 0 0 0 0 0 0 0 1 0 1 : 4.333333
1 1 1 1 0 0 1 0 : 242 : 0 0 0 0 0 0 0 1 0 0 : 4.200000
1 1 1 1 0 0 1 1 : 243 : 0 0 1 1 1 1 1 0 1 1 : 8.142708
1 1 1 1 0 1 0 0 : 244 : 0 0 0 0 0 0 0 1 1 0 : 4.333333
1 1 1 1 0 1 0 1 : 245 : 1 0 1 1 1 1 1 1 1 1 : 7.800000
1 1 1 1 0 1 1 0 : 246 : 1 0 1 1 1 1 1 1 1 1 : 7.666667
1 1 1 1 0 1 1 1 : 247 : 0 0 0 0 0 0 0 1 1 1 : 3.003125
1 1 1 1 1 0 0 0 : 248 : 0 0 0 0 0 0 0 0 1 0 : 4.200000
1 1 1 1 1 0 0 1 : 249 : 0 0 1 1 1 1 1 1 0 1 : 8.142708
1 1 1 1 1 0 1 0 : 250 : 1 0 1 1 1 1 1 1 1 1 : 7.800000
1 1 1 1 1 0 1 1 : 251 : 0 0 0 0 0 0 0 0 1 1 : 4.333333
1 1 1 1 1 1 0 0 : 252 : 0 0 1 1 1 1 1 1 1 0 : 8.142708
1 1 1 1 1 1 0 1 : 253 : 0 0 0 0 0 0 0 0 0 1 : 4.200000
1 1 1 1 1 1 1 0 : 254 : 0 0 0 0 0 0 0 0 0 0 : 3.857813
1 1 1 1 1 1 1 1 : 255 : 1 0 1 1 1 1 1 1 1 1 : 8.555729
